poses:
- id: 4
  orientation:
    w: 0.997016165135952
    x: 0.0
    y: 0.0
    z: -0.07719304669204406
  position:
    x: 1.015283588536332
    y: 6.145046066235909
    z: 0.22229694431396216
